0.10670483608463148
0.09840734712857475
0.0907928388746803
0.09006626365961404
0.08730527784236224
0.08713089979074634
0.08624447802836549
0.08575040688212043
0.0851546152057661
0.08493664264124622
0.08461694954661707
0.08457335503371309
0.08419553592187863
0.08423913043478261
0.08381771681004417
0.0842972564519879
0.08378865380144153
0.0839485003487561
0.08375959079283887
0.08432631946059056
0.08425366193908393
0.08418100441757731
0.08390490583585213
0.0842972564519879
0.08409381539176936
0.0840647523831667
0.08391943734015345
0.08421006742617995
0.08407928388746803
0.08416647291327599
0.08407928388746803
0.08442803999069984
0.08432631946059056
0.08464601255521971
0.08451522901650779
0.08479132759823296
0.08471867007672634
0.08461694954661707
0.08448616600790514
0.08476226458963032
