0.10756219483840967
0.09972971401999535
0.09332132062311091
0.09135956754243199
0.08814810509183911
0.0875087189025808
0.08579400139502441
0.08489304812834225
0.08464601255521971
0.0851546152057661
0.0850383631713555
0.08528539874447803
0.08490757963264357
0.08457335503371309
0.08441350848639852
0.08452976052080911
0.08405022087886538
0.08425366193908393
0.08397756335735876
0.08393396884445478
0.08436991397349454
0.08410834689607068
0.08413740990467333
0.08421006742617995
0.08444257149500116
0.08454429202511043
0.08448616600790514
0.08460241804231575
0.08458788653801441
0.08460241804231575
0.08464601255521971
0.08467507556382237
0.08471867007672634
0.08489304812834225
0.08460241804231575
0.08477679609393164
0.08479132759823296
0.08484945361543828
0.08468960706812369
0.08483492211113694
