0.10977098349221111
0.10326086956521739
0.09539932573820042
0.09425133689839572
0.09143222506393862
0.0904440827714485
0.08871483375959079
0.08840967216926296
0.08692745873052779
0.08669495466170658
0.08622994652406417
0.0864188560799814
0.0861282259939549
0.08593931643803766
0.08611369448965357
0.0860700999767496
0.08589572192513369
0.0860119739595443
0.08605556847244827
0.08582306440362707
0.08572134387351779
0.08589572192513369
0.08611369448965357
0.08586665891653104
0.08560509183910718
0.08541618228318995
0.08547430830039526
0.08557602883050454
0.08588119042083237
0.08569228086491514
0.0855033713089979
0.08559056033480586
0.08567774936061381
0.08576493838642177
0.08596837944664032
0.0861282259939549
0.08620088351546153
0.0861282259939549
0.08620088351546153
0.0861282259939549
