0.10958207393629389
0.10169146710067427
0.09461462450592885
0.09336491513601489
0.09002266914671007
0.08929609393164381
0.08745059288537549
0.08673854917461056
0.08563415484770984
0.08573587537781911
0.08502383166705417
0.08528539874447803
0.0851546152057661
0.08519820971867008
0.08463148105091839
0.0842972564519879
0.08450069751220646
0.08447163450360382
0.08441350848639852
0.08444257149500116
0.08441350848639852
0.08439897698209718
0.08450069751220646
0.0849221111369449
0.08496570564984887
0.08508195768425947
0.08495117414554755
0.08535805626598465
0.08534352476168333
0.08540165077888863
0.08557602883050454
0.08553243431760056
0.08543071378749129
0.08548883980469658
0.08537258777028597
0.08548883980469658
0.0852708672401767
0.08551790281329923
0.0855033713089979
0.08543071378749129
